RESULTSET_BEGIN
92224 1 0 0
-355359.709518 0.000000 24229.466017
229430.306915 5781.518000 -2454.763962
5781.518000 226184.169856 -7867.670923
-2454.763962 -7867.670923 252281.624866
0.000000 0.000000 0.000000
0.000000 0.000000 0.000000
0.000000 0.000000 0.000000
-0.000000 -0.000000 -0.000000 24.034240
0.000000 0.000000 0.000000 0.000000
-0.000000 -0.000000 -0.000000 24.034240
RESULTSET_END
RESULTSET_BEGIN
92224 1 1 0
-355359.709518 1175488.427169 24229.466017
229430.306915 5781.518000 -2454.763962
5781.518000 226184.169856 -7867.670923
-2454.763962 -7867.670923 252281.624866
5180.320209 277.843994 -1135.838854
277.843994 2960.455480 -681.815832
-1135.838854 -681.815832 4515.107103
-0.000000 -0.000000 -0.000000 24.034240
0.000000 0.000000 -0.000000 0.654402
0.000000 0.000000 -0.000000 24.079992
RESULTSET_END
RESULTSET_BEGIN
92224 1 1 1
0.000000 820128.717651 24229.466017
0.000000 0.000000 0.000000
0.000000 0.000000 0.000000
0.000000 0.000000 0.000000
234610.627123 6059.361994 -3590.602817
6059.361994 229144.625336 -8549.486755
-3590.602817 -8549.486755 256796.731968
0.000000 0.000000 0.000000 0.000000
0.000000 0.000000 -0.000000 24.079992
0.000000 0.000000 -0.000000 24.079992
RESULTSET_END
RESULTSET_BEGIN
92224 0 0 0
0.000000 0.000000 0.000000
229430.306915 5781.518000 -2454.763962
5781.518000 226184.169856 -7867.670923
-2454.763962 -7867.670923 252281.624866
0.000000 0.000000 0.000000
0.000000 0.000000 0.000000
0.000000 0.000000 0.000000
-0.000000 -0.000000 -0.000000 24.034240
0.000000 0.000000 0.000000 0.000000
-0.000000 -0.000000 -0.000000 24.034240
RESULTSET_END
RESULTSET_BEGIN
92224 0 1 0
0.000000 0.000000 0.000000
229430.306915 5781.518000 -2454.763962
5781.518000 226184.169856 -7867.670923
-2454.763962 -7867.670923 252281.624866
5180.320209 277.843994 -1135.838854
277.843994 2960.455480 -681.815832
-1135.838854 -681.815832 4515.107103
-0.000000 -0.000000 -0.000000 24.034240
0.000000 0.000000 -0.000000 0.654402
0.000000 0.000000 -0.000000 24.079992
RESULTSET_END
RESULTSET_BEGIN
92224 0 1 1
0.000000 0.000000 0.000000
0.000000 0.000000 0.000000
0.000000 0.000000 0.000000
0.000000 0.000000 0.000000
234610.627123 6059.361994 -3590.602817
6059.361994 229144.625336 -8549.486755
-3590.602817 -8549.486755 256796.731968
0.000000 0.000000 0.000000 0.000000
0.000000 0.000000 -0.000000 24.079992
0.000000 0.000000 -0.000000 24.079992
RESULTSET_END
RESULTSET_BEGIN
92224 1 0 0
-356043.403897 0.000000 35835.728558
271110.145709 -10744.353909 -31676.984219
-10744.353909 274681.401372 15817.310957
-31676.984219 15817.310957 310639.860553
0.000000 0.000000 0.000000
0.000000 0.000000 0.000000
0.000000 0.000000 0.000000
0.000000 -0.000000 -0.000000 28.758885
0.000000 0.000000 0.000000 0.000000
0.000000 -0.000000 -0.000000 28.758885
RESULTSET_END
RESULTSET_BEGIN
92224 1 1 0
-356043.403897 1175425.364260 35835.728558
271110.145709 -10744.353909 -31676.984219
-10744.353909 274681.401372 15817.310957
-31676.984219 15817.310957 310639.860553
5086.481378 72.153342 -1091.652024
72.153342 3030.308189 -681.823454
-1091.652024 -681.823454 4459.342442
0.000000 -0.000000 -0.000000 28.758885
-0.000000 0.000000 0.000000 0.662956
-0.000000 -0.000000 0.000000 28.789936
RESULTSET_END
RESULTSET_BEGIN
92224 1 1 1
0.000000 819381.960364 35835.728558
0.000000 0.000000 0.000000
0.000000 0.000000 0.000000
0.000000 0.000000 0.000000
276196.627087 -10672.200567 -32768.636243
-10672.200567 277711.709561 15135.487503
-32768.636243 15135.487503 315099.202994
0.000000 0.000000 0.000000 0.000000
-0.000000 -0.000000 0.000000 28.789936
-0.000000 -0.000000 0.000000 28.789936
RESULTSET_END
RESULTSET_BEGIN
92224 0 0 0
0.000000 0.000000 0.000000
271110.145709 -10744.353909 -31676.984219
-10744.353909 274681.401372 15817.310957
-31676.984219 15817.310957 310639.860553
0.000000 0.000000 0.000000
0.000000 0.000000 0.000000
0.000000 0.000000 0.000000
0.000000 -0.000000 -0.000000 28.758885
0.000000 0.000000 0.000000 0.000000
0.000000 -0.000000 -0.000000 28.758885
RESULTSET_END
RESULTSET_BEGIN
92224 0 1 0
0.000000 0.000000 0.000000
271110.145709 -10744.353909 -31676.984219
-10744.353909 274681.401372 15817.310957
-31676.984219 15817.310957 310639.860553
5086.481378 72.153342 -1091.652024
72.153342 3030.308189 -681.823454
-1091.652024 -681.823454 4459.342442
0.000000 -0.000000 -0.000000 28.758885
-0.000000 0.000000 0.000000 0.662956
-0.000000 -0.000000 0.000000 28.789936
RESULTSET_END
RESULTSET_BEGIN
92224 0 1 1
0.000000 0.000000 0.000000
0.000000 0.000000 0.000000
0.000000 0.000000 0.000000
0.000000 0.000000 0.000000
276196.627087 -10672.200567 -32768.636243
-10672.200567 277711.709561 15135.487503
-32768.636243 15135.487503 315099.202994
0.000000 0.000000 0.000000 0.000000
-0.000000 -0.000000 0.000000 28.789936
-0.000000 -0.000000 0.000000 28.789936
RESULTSET_END
RESULTSET_BEGIN
92224 1 0 0
-354858.220782 0.000000 51340.758814
364174.325716 -18915.586650 8703.085269
-18915.586650 338594.336363 16126.157762
8703.085269 16126.157762 352236.695182
0.000000 0.000000 0.000000
0.000000 0.000000 0.000000
0.000000 0.000000 0.000000
0.000000 -0.000000 0.000000 38.528918
0.000000 0.000000 0.000000 0.000000
0.000000 -0.000000 0.000000 38.528918
RESULTSET_END
RESULTSET_BEGIN
92224 1 1 0
-354858.220782 1175310.932283 51340.758814
364174.325716 -18915.586650 8703.085269
-18915.586650 338594.336363 16126.157762
8703.085269 16126.157762 352236.695182
5165.948106 326.282902 -1050.341062
326.282902 2885.610603 -731.224400
-1050.341062 -731.224400 4475.385211
0.000000 -0.000000 0.000000 38.528918
-0.000000 0.000000 -0.000000 0.709442
-0.000000 -0.000000 -0.000000 38.544566
RESULTSET_END
RESULTSET_BEGIN
92224 1 1 1
0.000000 820452.711502 51340.758814
0.000000 0.000000 0.000000
0.000000 0.000000 0.000000
0.000000 0.000000 0.000000
369340.273822 -18589.303748 7652.744208
-18589.303748 341479.946967 15394.933362
7652.744208 15394.933362 356712.080393
0.000000 0.000000 0.000000 0.000000
-0.000000 -0.000000 -0.000000 38.544566
-0.000000 -0.000000 -0.000000 38.544566
RESULTSET_END
RESULTSET_BEGIN
92224 0 0 0
0.000000 0.000000 0.000000
364174.325716 -18915.586650 8703.085269
-18915.586650 338594.336363 16126.157762
8703.085269 16126.157762 352236.695182
0.000000 0.000000 0.000000
0.000000 0.000000 0.000000
0.000000 0.000000 0.000000
0.000000 -0.000000 0.000000 38.528918
0.000000 0.000000 0.000000 0.000000
0.000000 -0.000000 0.000000 38.528918
RESULTSET_END
RESULTSET_BEGIN
92224 0 1 0
0.000000 0.000000 0.000000
364174.325716 -18915.586650 8703.085269
-18915.586650 338594.336363 16126.157762
8703.085269 16126.157762 352236.695182
5165.948106 326.282902 -1050.341062
326.282902 2885.610603 -731.224400
-1050.341062 -731.224400 4475.385211
0.000000 -0.000000 0.000000 38.528918
-0.000000 0.000000 -0.000000 0.709442
-0.000000 -0.000000 -0.000000 38.544566
RESULTSET_END
RESULTSET_BEGIN
92224 0 1 1
0.000000 0.000000 0.000000
0.000000 0.000000 0.000000
0.000000 0.000000 0.000000
0.000000 0.000000 0.000000
369340.273822 -18589.303748 7652.744208
-18589.303748 341479.946967 15394.933362
7652.744208 15394.933362 356712.080393
0.000000 0.000000 0.000000 0.000000
-0.000000 -0.000000 -0.000000 38.544566
-0.000000 -0.000000 -0.000000 38.544566
RESULTSET_END
RESULTSET_BEGIN
92224 1 0 0
-353534.714079 0.000000 52067.586082
367307.789337 14222.305600 -13546.890899
14222.305600 337308.014824 16480.370889
-13546.890899 16480.370889 359208.157825
0.000000 0.000000 0.000000
0.000000 0.000000 0.000000
0.000000 0.000000 0.000000
-0.000000 0.000000 -0.000000 54.214348
0.000000 0.000000 0.000000 0.000000
-0.000000 0.000000 -0.000000 54.214348
RESULTSET_END
RESULTSET_BEGIN
92224 1 1 0
-353534.714079 1175300.145877 52067.586082
367307.789337 14222.305600 -13546.890899
14222.305600 337308.014824 16480.370889
-13546.890899 16480.370889 359208.157825
4728.981458 136.138697 -801.661137
136.138697 2790.462916 -429.322483
-801.661137 -429.322483 4200.158306
-0.000000 0.000000 -0.000000 54.214348
0.000000 0.000000 -0.000000 0.723961
0.000000 0.000000 0.000000 54.215910
RESULTSET_END
RESULTSET_BEGIN
92224 1 1 1
0.000000 821765.431798 52067.586082
0.000000 0.000000 0.000000
0.000000 0.000000 0.000000
0.000000 0.000000 0.000000
372036.770795 14358.444297 -14348.552036
14358.444297 340098.477741 16051.048406
-14348.552036 16051.048406 363408.316131
0.000000 0.000000 0.000000 0.000000
0.000000 0.000000 0.000000 54.215910
0.000000 0.000000 0.000000 54.215910
RESULTSET_END
RESULTSET_BEGIN
92224 0 0 0
0.000000 0.000000 0.000000
367307.789337 14222.305600 -13546.890899
14222.305600 337308.014824 16480.370889
-13546.890899 16480.370889 359208.157825
0.000000 0.000000 0.000000
0.000000 0.000000 0.000000
0.000000 0.000000 0.000000
-0.000000 0.000000 -0.000000 54.214348
0.000000 0.000000 0.000000 0.000000
-0.000000 0.000000 -0.000000 54.214348
RESULTSET_END
RESULTSET_BEGIN
92224 0 1 0
0.000000 0.000000 0.000000
367307.789337 14222.305600 -13546.890899
14222.305600 337308.014824 16480.370889
-13546.890899 16480.370889 359208.157825
4728.981458 136.138697 -801.661137
136.138697 2790.462916 -429.322483
-801.661137 -429.322483 4200.158306
-0.000000 0.000000 -0.000000 54.214348
0.000000 0.000000 -0.000000 0.723961
0.000000 0.000000 0.000000 54.215910
RESULTSET_END
RESULTSET_BEGIN
92224 0 1 1
0.000000 0.000000 0.000000
0.000000 0.000000 0.000000
0.000000 0.000000 0.000000
0.000000 0.000000 0.000000
372036.770795 14358.444297 -14348.552036
14358.444297 340098.477741 16051.048406
-14348.552036 16051.048406 363408.316131
0.000000 0.000000 0.000000 0.000000
0.000000 0.000000 0.000000 54.215910
0.000000 0.000000 0.000000 54.215910
RESULTSET_END
RESULTSET_BEGIN
92224 1 0 0
-353022.227504 0.000000 70957.551778
416801.810830 72008.368075 30198.140568
72008.368075 445683.402859 48394.565668
30198.140568 48394.565668 434976.847085
0.000000 0.000000 0.000000
0.000000 0.000000 0.000000
0.000000 0.000000 0.000000
-0.000000 0.000000 0.000000 120.630555
0.000000 0.000000 0.000000 0.000000
-0.000000 0.000000 0.000000 120.630555
RESULTSET_END
RESULTSET_BEGIN
92224 1 1 0
-353022.227504 1175244.886205 70957.551778
416801.810830 72008.368075 30198.140568
72008.368075 445683.402859 48394.565668
30198.140568 48394.565668 434976.847085
5065.989686 241.314886 -1100.743216
241.314886 3230.852872 -401.520138
-1100.743216 -401.520138 4276.551122
-0.000000 0.000000 0.000000 120.630555
0.000000 0.000000 -0.000000 0.738467
0.000000 0.000000 0.000000 120.617567
RESULTSET_END
RESULTSET_BEGIN
92224 1 1 1
0.000000 822222.658701 70957.551778
0.000000 0.000000 0.000000
0.000000 0.000000 0.000000
0.000000 0.000000 0.000000
421867.800516 72249.682961 29097.397352
72249.682961 448914.255731 47993.045530
29097.397352 47993.045530 439253.398206
0.000000 0.000000 0.000000 0.000000
0.000000 0.000000 0.000000 120.617567
0.000000 0.000000 0.000000 120.617567
RESULTSET_END
RESULTSET_BEGIN
92224 0 0 0
0.000000 0.000000 0.000000
416801.810830 72008.368075 30198.140568
72008.368075 445683.402859 48394.565668
30198.140568 48394.565668 434976.847085
0.000000 0.000000 0.000000
0.000000 0.000000 0.000000
0.000000 0.000000 0.000000
-0.000000 0.000000 0.000000 120.630555
0.000000 0.000000 0.000000 0.000000
-0.000000 0.000000 0.000000 120.630555
RESULTSET_END
RESULTSET_BEGIN
92224 0 1 0
0.000000 0.000000 0.000000
416801.810830 72008.368075 30198.140568
72008.368075 445683.402859 48394.565668
30198.140568 48394.565668 434976.847085
5065.989686 241.314886 -1100.743216
241.314886 3230.852872 -401.520138
-1100.743216 -401.520138 4276.551122
-0.000000 0.000000 0.000000 120.630555
0.000000 0.000000 -0.000000 0.738467
0.000000 0.000000 0.000000 120.617567
RESULTSET_END
RESULTSET_BEGIN
92224 0 1 1
0.000000 0.000000 0.000000
0.000000 0.000000 0.000000
0.000000 0.000000 0.000000
0.000000 0.000000 0.000000
421867.800516 72249.682961 29097.397352
72249.682961 448914.255731 47993.045530
29097.397352 47993.045530 439253.398206
0.000000 0.000000 0.000000 0.000000
0.000000 0.000000 0.000000 120.617567
0.000000 0.000000 0.000000 120.617567
RESULTSET_END
RESULTSET_BEGIN
92224 1 0 0
-353977.065278 0.000000 80776.324822
454440.701920 42135.857873 45823.737411
42135.857873 465648.352273 21896.463688
45823.737411 21896.463688 503344.458157
0.000000 0.000000 0.000000
0.000000 0.000000 0.000000
0.000000 0.000000 0.000000
0.000000 -0.000000 -0.000000 117.992956
0.000000 0.000000 0.000000 0.000000
0.000000 -0.000000 -0.000000 117.992956
RESULTSET_END
RESULTSET_BEGIN
92224 1 1 0
-353977.065278 1175230.089475 80776.324822
454440.701920 42135.857873 45823.737411
42135.857873 465648.352273 21896.463688
45823.737411 21896.463688 503344.458157
5162.750738 318.512120 -1061.026233
318.512120 2911.366554 -503.864255
-1061.026233 -503.864255 4468.559607
0.000000 -0.000000 -0.000000 117.992956
0.000000 0.000000 0.000000 0.734259
0.000000 0.000000 0.000000 117.979888
RESULTSET_END
RESULTSET_BEGIN
92224 1 1 1
0.000000 821253.024197 80776.324822
0.000000 0.000000 0.000000
0.000000 0.000000 0.000000
0.000000 0.000000 0.000000
459603.452658 42454.369993 44762.711178
42454.369993 468559.718828 21392.599433
44762.711178 21392.599433 507813.017764
0.000000 0.000000 0.000000 0.000000
0.000000 0.000000 0.000000 117.979888
0.000000 0.000000 0.000000 117.979888
RESULTSET_END
RESULTSET_BEGIN
92224 0 0 0
0.000000 0.000000 0.000000
454440.701920 42135.857873 45823.737411
42135.857873 465648.352273 21896.463688
45823.737411 21896.463688 503344.458157
0.000000 0.000000 0.000000
0.000000 0.000000 0.000000
0.000000 0.000000 0.000000
0.000000 -0.000000 -0.000000 117.992956
0.000000 0.000000 0.000000 0.000000
0.000000 -0.000000 -0.000000 117.992956
RESULTSET_END
RESULTSET_BEGIN
92224 0 1 0
0.000000 0.000000 0.000000
454440.701920 42135.857873 45823.737411
42135.857873 465648.352273 21896.463688
45823.737411 21896.463688 503344.458157
5162.750738 318.512120 -1061.026233
318.512120 2911.366554 -503.864255
-1061.026233 -503.864255 4468.559607
0.000000 -0.000000 -0.000000 117.992956
0.000000 0.000000 0.000000 0.734259
0.000000 0.000000 0.000000 117.979888
RESULTSET_END
RESULTSET_BEGIN
92224 0 1 1
0.000000 0.000000 0.000000
0.000000 0.000000 0.000000
0.000000 0.000000 0.000000
0.000000 0.000000 0.000000
459603.452658 42454.369993 44762.711178
42454.369993 468559.718828 21392.599433
44762.711178 21392.599433 507813.017764
0.000000 0.000000 0.000000 0.000000
0.000000 0.000000 0.000000 117.979888
0.000000 0.000000 0.000000 117.979888
RESULTSET_END
RESULTSET_BEGIN
92224 1 0 0
-354443.075393 0.000000 67884.550663
424256.901486 21250.344991 -4151.988729
21250.344991 398151.191564 -3226.877144
-4151.988729 -3226.877144 442054.502815
0.000000 0.000000 0.000000
0.000000 0.000000 0.000000
0.000000 0.000000 0.000000
0.000000 0.000000 -0.000000 65.396042
0.000000 0.000000 0.000000 0.000000
0.000000 0.000000 -0.000000 65.396042
RESULTSET_END
RESULTSET_BEGIN
92224 1 1 0
-354443.075393 1175264.419268 67884.550663
424256.901486 21250.344991 -4151.988729
21250.344991 398151.191564 -3226.877144
-4151.988729 -3226.877144 442054.502815
4981.079968 81.335815 -963.995746
81.335815 2751.951504 -406.770404
-963.995746 -406.770404 4290.799235
0.000000 0.000000 -0.000000 65.396042
0.000000 0.000000 0.000000 0.716836
-0.000000 0.000000 -0.000000 65.396110
RESULTSET_END
RESULTSET_BEGIN
92224 1 1 1
0.000000 820821.343875 67884.550663
0.000000 0.000000 0.000000
0.000000 0.000000 0.000000
0.000000 0.000000 0.000000
429237.981454 21331.680806 -5115.984474
21331.680806 400903.143068 -3633.647548
-5115.984474 -3633.647548 446345.302050
0.000000 0.000000 0.000000 0.000000
-0.000000 0.000000 0.000000 65.396110
-0.000000 0.000000 0.000000 65.396110
RESULTSET_END
RESULTSET_BEGIN
92224 0 0 0
0.000000 0.000000 0.000000
424256.901486 21250.344991 -4151.988729
21250.344991 398151.191564 -3226.877144
-4151.988729 -3226.877144 442054.502815
0.000000 0.000000 0.000000
0.000000 0.000000 0.000000
0.000000 0.000000 0.000000
0.000000 0.000000 -0.000000 65.396042
0.000000 0.000000 0.000000 0.000000
0.000000 0.000000 -0.000000 65.396042
RESULTSET_END
RESULTSET_BEGIN
92224 0 1 0
0.000000 0.000000 0.000000
424256.901486 21250.344991 -4151.988729
21250.344991 398151.191564 -3226.877144
-4151.988729 -3226.877144 442054.502815
4981.079968 81.335815 -963.995746
81.335815 2751.951504 -406.770404
-963.995746 -406.770404 4290.799235
0.000000 0.000000 -0.000000 65.396042
0.000000 0.000000 0.000000 0.716836
-0.000000 0.000000 -0.000000 65.396110
RESULTSET_END
RESULTSET_BEGIN
92224 0 1 1
0.000000 0.000000 0.000000
0.000000 0.000000 0.000000
0.000000 0.000000 0.000000
0.000000 0.000000 0.000000
429237.981454 21331.680806 -5115.984474
21331.680806 400903.143068 -3633.647548
-5115.984474 -3633.647548 446345.302050
0.000000 0.000000 0.000000 0.000000
-0.000000 0.000000 0.000000 65.396110
-0.000000 0.000000 0.000000 65.396110
RESULTSET_END
